1.860479 3.599034 3.669139 4.799929 4.860327 4.981451 5.955043 7.512669 7.829597 9.469921
3.599034 1.613878 1.683984 2.814773 2.875171 2.996296 3.969887 5.527514 5.844441 7.484766
3.669139 1.683984 1.618508 2.749298 2.809696 2.930820 3.904412 5.462038 5.778966 7.419290
4.799929 2.814773 2.749298 2.262054 2.322452 2.443577 3.417168 4.974795 5.291722 6.932047
4.860327 2.875171 2.809696 2.322452 2.222941 2.344066 3.317658 4.875284 5.192212 6.832536
4.981451 2.996296 2.930820 2.443577 2.344066 2.208217 3.181809 4.739435 5.056362 6.696687
5.955043 3.969887 3.904412 3.417168 3.317658 3.181809 1.630767 3.188394 3.505321 5.145645
7.512669 5.527514 5.462038 4.974795 4.875284 4.739435 3.188394 2.480380 3.024251 4.664576
7.829597 5.844441 5.778966 5.291722 5.192212 5.056362 3.505321 3.024251 1.697964 3.338288
9.469921 7.484766 7.419290 6.932047 6.832536 6.696687 5.145645 4.664576 3.338288 2.457626
