1.854168 3.483680 3.593859 4.428668 4.439086 4.470481 4.538623 4.647792 5.154757 6.403529 6.234883 7.553640
3.483680 1.622056 1.779162 2.613983 2.624401 2.655796 2.723938 2.833107 3.340071 4.588844 4.420198 5.738955
3.593859 1.779162 1.638540 2.513761 2.524139 2.555455 2.623594 2.732761 3.239724 4.488497 4.319851 5.638608
4.428668 2.613983 2.513761 2.256024 2.336871 2.403137 2.472277 2.582447 3.090206 4.338989 4.170344 5.489101
4.439086 2.624401 2.524139 2.336871 2.164019 2.336224 2.397554 2.508686 3.017489 4.266287 4.097644 5.416401
4.470481 2.655796 2.555455 2.403137 2.336224 2.191597 2.336673 2.449428 2.957143 4.205923 4.037277 5.356034
4.538623 2.723938 2.623594 2.472277 2.397554 2.336673 2.177051 2.359741 2.874273 4.123116 3.954478 5.273236
4.647792 2.833107 2.732761 2.582447 2.508686 2.449428 2.359741 2.179223 2.813076 4.062297 3.893704 5.212461
5.154757 3.340071 3.239724 3.090206 3.017489 2.957143 2.874273 2.813076 1.637122 3.286517 3.121963 4.440732
6.403529 4.588844 4.488497 4.338989 4.266287 4.205923 4.123116 4.062297 3.286517 2.489565 3.064120 4.383718
6.234883 4.420198 4.319851 4.170344 4.097644 4.037277 3.954478 3.893704 3.121963 3.064120 1.696546 3.158476
7.553640 5.738955 5.638608 5.489101 5.416401 5.356034 5.273236 5.212461 4.440732 4.383718 3.158476 2.460781
