1.865481 3.537052 3.642534 4.549916 4.567416 4.648267 4.752319 5.426887 6.583553 6.870913 8.250724
3.537052 1.619189 1.747570 2.654953 2.672452 2.753303 2.857355 3.531924 4.688590 4.975949 6.355760
3.642534 1.747570 1.633512 2.540894 2.558393 2.639245 2.743297 3.417865 4.574531 4.861891 6.241702
4.549916 2.654953 2.540894 2.263307 2.397727 2.490123 2.593338 3.269100 4.425766 4.713127 6.092937
4.567416 2.672452 2.558393 2.397727 2.197030 2.316806 2.418054 3.096599 4.253268 4.540629 5.920439
4.648267 2.753303 2.639245 2.490123 2.316806 2.193957 2.337386 3.009694 4.166359 4.453718 5.833529
4.752319 2.857355 2.743297 2.593338 2.418054 2.337386 2.195646 2.980214 4.136947 4.424330 5.804140
5.426887 3.531924 3.417865 3.269100 3.096599 3.009694 2.980214 1.644504 3.007455 3.300720 4.680535
6.583553 4.688590 4.574531 4.425766 4.253268 4.166359 4.136947 3.007455 2.479492 3.133596 4.513666
6.870913 4.975949 4.861891 4.713127 4.540629 4.453718 4.424330 3.300720 3.133596 1.696653 3.174916
8.250724 6.355760 6.241702 6.092937 5.920439 5.833529 5.804140 4.680535 4.513666 3.174916 2.461948
