1.154697 1.838088 2.038207 2.929873 2.773854 3.229382 1.991722 2.153607 2.343889 3.349496
1.838088 0.772214 0.907420 1.634533 1.704429 2.007234 1.098650 2.207773 0.999037 1.807219
2.038207 0.907420 1.050762 1.711965 1.794318 2.065786 1.204366 2.312814 1.101438 2.016497
2.929873 1.634533 1.711965 1.614808 1.623170 1.697656 1.739904 2.617038 1.627217 2.657431
2.773854 1.704429 1.794318 1.623170 1.601532 1.657553 1.704341 2.482402 1.746868 2.829541
3.229382 2.007234 2.065786 1.697656 1.657553 1.549297 2.113076 2.722595 1.979302 3.229724
1.991722 1.098650 1.204366 1.739904 1.704341 2.113076 0.918071 2.240134 1.365350 2.333680
2.153607 2.207773 2.312814 2.617038 2.482402 2.722595 2.240134 2.400720 2.378799 3.809419
2.343889 0.999037 1.101438 1.627217 1.746868 1.979302 1.365350 2.378799 1.073264 2.042441
3.349496 1.807219 2.016497 2.657431 2.829541 3.229724 2.333680 3.809419 2.042441 2.224330
