1.154697 1.838088 2.038207 2.887504 2.894232 3.229382 1.991722 2.153607 2.343889 3.349496
1.838088 0.772214 0.907420 1.610162 1.693852 2.007234 1.098650 2.207773 0.999037 1.807219
2.038207 0.907420 1.050762 1.705432 1.759675 2.065786 1.204366 2.312814 1.101438 2.016497
2.887504 1.610162 1.705432 1.612787 1.623139 1.686105 1.725760 2.601529 1.637030 2.644778
2.894232 1.693852 1.759675 1.623139 1.609384 1.689155 1.736266 2.565229 1.677229 2.756139
3.229382 2.007234 2.065786 1.686105 1.689155 1.549297 2.113076 2.722595 1.979302 3.229724
1.991722 1.098650 1.204366 1.725760 1.736266 2.113076 0.918071 2.240134 1.365350 2.333680
2.153607 2.207773 2.312814 2.601529 2.565229 2.722595 2.240134 2.400720 2.378799 3.809419
2.343889 0.999037 1.101438 1.637030 1.677229 1.979302 1.365350 2.378799 1.073264 2.042441
3.349496 1.807219 2.016497 2.644778 2.756139 3.229724 2.333680 3.809419 2.042441 2.224330
