1.837426 3.513047 3.618593 4.585192 4.640185 4.799947 5.395851 6.844831 6.383476 7.722562
3.513047 1.615388 1.742483 2.709083 2.764076 2.923838 3.519742 4.968723 4.507367 5.846453
3.618593 1.742483 1.631439 2.634086 2.689071 2.848832 3.444737 4.893717 4.432361 5.771447
4.585192 2.709083 2.634086 2.238904 2.324981 2.486768 3.082770 4.531751 4.070395 5.409481
4.640185 2.764076 2.689071 2.324981 2.237017 2.408219 3.004660 4.453644 3.992289 5.331375
4.799947 2.923838 2.848832 2.486768 2.408219 2.218094 2.874793 4.324147 3.862837 5.201923
5.395851 3.519742 3.444737 3.082770 3.004660 2.874793 1.632389 3.270713 2.812333 4.151432
6.844831 4.968723 4.893717 4.531751 4.453644 4.324147 3.270713 2.480706 3.011466 4.352683
6.383476 4.507367 4.432361 4.070395 3.992289 3.862837 2.812333 3.011466 1.695078 3.115849
7.722562 5.846453 5.771447 5.409481 5.331375 5.201923 4.151432 4.352683 3.115849 2.459202
