1.873129 3.521423 3.629791 4.446954 4.472602 4.554578 4.633746 4.724710 5.269156 6.538483 6.340184 7.741595
3.521423 1.610936 1.755684 2.572854 2.598503 2.680479 2.759646 2.850611 3.395056 4.664384 4.466085 5.867496
3.629791 1.755684 1.632014 2.484309 2.509997 2.591939 2.671100 2.762067 3.306511 4.575838 4.377539 5.778950
4.446954 2.572854 2.484309 2.263890 2.357333 2.436598 2.516052 2.607079 3.151512 4.420840 4.222540 5.623952
4.472602 2.598503 2.509997 2.357333 2.141715 2.304944 2.396624 2.483422 3.030612 4.299971 4.101674 5.503085
4.554578 2.680479 2.591939 2.436598 2.304944 2.167796 2.312741 2.403191 2.951774 4.221144 4.022848 5.424259
4.633746 2.759646 2.671100 2.516052 2.396624 2.312741 2.169662 2.331828 2.875520 4.144787 3.946483 5.347894
4.724710 2.850611 2.762067 2.607079 2.483422 2.403191 2.331828 2.170058 2.833159 4.103064 3.904808 5.306220
5.269156 3.395056 3.306511 3.151512 3.030612 2.951774 2.875520 2.833159 1.636662 3.245993 3.058980 4.460435
6.538483 4.664384 4.575838 4.420840 4.299971 4.221144 4.144787 4.103064 3.245993 2.485548 3.057726 4.461041
6.340184 4.466085 4.377539 4.222540 4.101674 4.022848 3.946483 3.904808 3.058980 3.057726 1.695198 3.223793
7.741595 5.867496 5.778950 5.623952 5.503085 5.424259 5.347894 5.306220 4.460435 4.461041 3.223793 2.468019
