1.848456 3.540636 3.649970 4.497749 4.536554 4.579506 4.625028 4.745069 5.305615 6.558262 6.280166 7.660682
3.540636 1.613441 1.756501 2.604292 2.643096 2.686049 2.731571 2.851612 3.412158 4.664804 4.386709 5.767225
3.649970 1.756501 1.626299 2.508040 2.546780 2.589718 2.635236 2.755276 3.315822 4.568469 4.290373 5.670889
4.497749 2.604292 2.508040 2.259140 2.387210 2.438893 2.487110 2.607408 3.168163 4.420812 4.142717 5.523233
4.536554 2.643096 2.546780 2.387210 2.145173 2.268346 2.332205 2.453262 3.015190 4.267852 3.989759 5.370276
4.579506 2.686049 2.589718 2.438893 2.268346 2.155150 2.269262 2.396445 2.959435 4.212105 3.934015 5.314531
4.625028 2.731571 2.635236 2.487110 2.332205 2.269262 2.160417 2.345566 2.910178 4.162844 3.884753 5.265269
4.745069 2.851612 2.755276 2.607408 2.453262 2.396445 2.345566 2.158505 2.837066 4.089923 3.811873 5.192390
5.305615 3.412158 3.315822 3.168163 3.015190 2.959435 2.910178 2.837066 1.634432 3.262457 2.988569 4.369104
6.558262 4.664804 4.568469 4.420812 4.267852 4.212105 4.162844 4.089923 3.262457 2.480724 3.017200 4.399457
6.280166 4.386709 4.290373 4.142717 3.989759 3.934015 3.884753 3.811873 2.988569 3.017200 1.696317 3.218043
7.660682 5.767225 5.670889 5.523233 5.370276 5.314531 5.265269 5.192390 4.369104 4.399457 3.218043 2.460455
