1.844575 3.442273 3.560836 4.374086 4.438763 4.469094 4.538056 4.654938 5.223701 6.720177 6.597401 8.043127
3.442273 1.614980 1.802604 2.615862 2.680539 2.710870 2.779832 2.896714 3.465477 4.961953 4.839177 6.284903
3.560836 1.802604 1.631217 2.506609 2.571200 2.601494 2.670448 2.787330 3.356092 4.852568 4.729792 6.175518
4.374086 2.615862 2.506609 2.259689 2.364348 2.410025 2.482258 2.598972 3.168150 4.664628 4.541853 5.987578
4.438763 2.680539 2.571200 2.364348 2.142752 2.303987 2.392529 2.508361 3.079570 4.576061 4.453287 5.899013
4.469094 2.710870 2.601494 2.410025 2.303987 2.154799 2.280627 2.394508 2.970208 4.466730 4.343957 5.789683
4.538056 2.779832 2.670448 2.482258 2.392529 2.280627 2.161414 2.321018 2.894134 4.390648 4.267874 5.713600
4.654938 2.896714 2.787330 2.598972 2.508361 2.394508 2.321018 2.160627 2.865900 4.363103 4.240371 5.686097
5.223701 3.465477 3.356092 3.168150 3.079570 2.970208 2.894134 2.865900 1.635136 3.387873 3.268847 4.714602
6.720177 4.961953 4.852568 4.664628 4.576061 4.466730 4.390648 4.363103 3.387873 2.482915 3.084148 4.533549
6.597401 4.839177 4.729792 4.541853 4.453287 4.343957 4.267874 4.240371 3.268847 3.084148 1.693525 3.290355
8.043127 6.284903 6.175518 5.987578 5.899013 5.789683 5.713600 5.686097 4.714602 4.533549 3.290355 2.461543
