1.154697 1.838088 2.038207 2.776759 2.998249 3.014610 2.773854 3.229382 1.991722 2.153607 2.343889 3.349496
1.838088 0.772214 0.907420 1.707258 1.513066 1.683276 1.704429 2.007234 1.098650 2.207773 0.999037 1.807219
2.038207 0.907420 1.050762 1.790301 1.620563 1.725032 1.794318 2.065786 1.204366 2.312814 1.101438 2.016497
2.776759 1.707258 1.790301 1.763642 1.644459 1.729594 1.657388 1.738991 1.728704 2.506202 1.752766 2.898030
2.998249 1.513066 1.620563 1.644459 1.397296 1.549685 1.555888 1.633220 1.722816 2.696856 1.521294 2.391525
3.014610 1.683276 1.725032 1.729594 1.549685 1.521623 1.656235 1.720757 1.768190 2.648057 1.607591 2.682737
2.773854 1.704429 1.794318 1.657388 1.555888 1.656235 1.601532 1.657553 1.704341 2.482402 1.746868 2.829541
3.229382 2.007234 2.065786 1.738991 1.633220 1.720757 1.657553 1.549297 2.113076 2.722595 1.979302 3.229724
1.991722 1.098650 1.204366 1.728704 1.722816 1.768190 1.704341 2.113076 0.918071 2.240134 1.365350 2.333680
2.153607 2.207773 2.312814 2.506202 2.696856 2.648057 2.482402 2.722595 2.240134 2.400720 2.378799 3.809419
2.343889 0.999037 1.101438 1.752766 1.521294 1.607591 1.746868 1.979302 1.365350 2.378799 1.073264 2.042441
3.349496 1.807219 2.016497 2.898030 2.391525 2.682737 2.829541 3.229724 2.333680 3.809419 2.042441 2.224330
